	Genes	Var_Importance	logFC	AveExpr	t	P.Value	adj.P.Val	B
76	CCR5	100	-1.14799786056501	0.244146109935865	-9.89463783297103	8.92074464453384e-17	5.43273348852111e-14	27.6741680332201
99	CD3G	90.0721283260026	-1.15444709624215	0.234906471150409	-8.87780861949539	1.76324175299195e-14	1.45147050942192e-12	22.4735595284957
426	PIK3CG	82.4813385545735	-1.3452258104787	0.189288717251642	-9.11967466038568	5.03653829326038e-15	7.66812955148892e-13	23.705773385613
109	CD84	80.253849802541	-1.30044683958168	0.188528153715428	-8.93546234377849	1.3084331040268e-14	1.3280596005872e-12	22.7668968727444
571	TNFSF8	66.8756016071697	-1.28827523133721	0.116313134363675	-8.72748209770402	3.83361338644077e-14	2.59407839149159e-12	21.7099936487459
337	LAX1	64.3099502889322	-1.14016265243376	0.200051804289926	-7.80123137407868	4.35811010271165e-12	1.47449391808411e-10	17.0607732952679
462	PTPN22	63.1176952547029	-1.17327078781803	0.138034883606822	-8.5183939402703	1.12549332795539e-13	6.85425436724834e-12	20.651427078033
193	EVI2B	61.9264064902378	-0.960746513511987	0.200403901959089	-8.03099115980787	1.36070093680295e-12	5.91904907509285e-11	18.2032627660787
512	SLAMF1	61.4625531180554	-0.914185518065665	0.277858581562098	-7.92012997874711	2.38842901680421e-12	9.09095794521104e-11	17.650961085384
86	CD226	61.3915870825116	-1.31732526513678	0.198903072519923	-9.54348741822385	5.56214874841409e-16	1.53377662105029e-13	25.8732445847512
568	TNFRSF9	60.5047390640565	-1.3006470691698	0.20173254397594	-9.48465712521641	7.55554985739061e-16	1.53377662105029e-13	25.5718838921787
422	PDCD1LG2	60.0233476313636	-1.31843456097233	0.169701981046985	-8.86268474676381	1.90669360843602e-14	1.45147050942192e-12	22.3966538844783
569	TNFSF13B	58.8160843350657	-1.17413109984804	0.176704261576567	-6.02797629637289	2.40471740866542e-08	2.06263788996794e-07	8.63501187182256
381	MST1	57.8886171142862	1.24096564912445	0.0195634088500772	7.08745269167917	1.52940560229726e-10	3.10469337266345e-09	13.5734504147271
556	TLR8	57.8722350183392	-1.35282776467912	0.204430333071134	-9.02752724128163	8.12181736202445e-15	9.89237354694578e-13	23.2358313369724
25	APOBEC3C	56.6024984961538	-1.03499220710316	0.114285896847308	-6.05093310075359	2.1628059504837e-08	1.88752120040915e-07	8.73822052712561
554	TLR6	56.3256785551177	-1.34917071450715	0.137878675545094	-6.93834726343151	3.17345346265258e-10	5.0858767335669e-09	12.8591264553634
377	MNDA	56.1802280557744	-1.17594446631573	0.261594508056463	-8.10408695826426	9.38089060798088e-13	4.39458644635412e-11	18.5684206454525
74	CCR2	56.0715765133287	-0.932689417572536	0.267573543689564	-7.33565614937813	4.48818933888132e-11	1.09332292295149e-09	14.7741674073912
492	SAMSN1	56.0045653500482	-1.11207106936283	0.231174513569771	-8.12570845486776	8.40248637018744e-13	4.26426183287013e-11	18.6765793354725
224	GAB3	54.2378262171712	-0.896394862530866	0.145518197245304	-6.01880040919403	2.50869103132403e-08	2.12193449732824e-07	8.5938125616613
248	GZMH	53.9991572614876	-0.783148877453698	0.194031985265965	-4.43232496364528	2.26559537359305e-05	9.58158043415395e-05	2.01909274099007
290	IL21R	53.6554564824341	-1.01144172752025	0.218847698009553	-7.73062067472153	6.22234089130714e-12	1.89470280140302e-10	16.711393641324
279	IL12RB1	53.5265996588958	-1.00240373810239	0.252154661005922	-6.9497961888005	3.00103603463913e-10	4.93954309485198e-09	12.9137783062938
89	CD274	51.6117220005452	-1.22448597745428	0.204237110475872	-6.96938372728812	2.72729788351262e-10	4.72685031940614e-09	13.0073573530747
292	IL2RB	50.906276861219	-0.953908176776995	0.211635688522959	-7.26481368605346	6.37705408733431e-11	1.49370228430254e-09	14.4300463679465
457	PTAFR	49.9842833414162	-1.1435146178617	0.186124270857591	-7.95115332223273	2.04084986815256e-12	8.2858504646994e-11	17.8053270736291
204	FCGR2B	48.7433480080667	-0.989436769849822	0.103561877526491	-5.68201057499715	1.16201861418837e-07	8.32552160047902e-07	7.10366551461126
398	NLRP3	48.6475579495464	-0.934633790585356	0.200255557285895	-5.28688970696949	6.64015188975034e-07	4.21234635506037e-06	5.41473646132581
318	KCNA3	47.7674548224424	-1.18135060933948	0.188466825231877	-7.87522792123197	2.99819105679994e-12	1.07405785505363e-10	17.4278066676213
186	EOMES	47.5745889959564	-1.11609651849701	0.15734142797369	-8.16894401233486	6.7401951382734e-13	3.73161712655318e-11	18.8930541031393
551	TLR1	46.9483177619635	-1.34879104770204	0.161513258252407	-6.96442267649191	2.79419723314649e-10	4.72685031940614e-09	12.9836468541154
348	LILRB1	45.8195980331615	-1.00987503822871	0.225241752455788	-6.85220357917056	4.82649853564256e-10	6.99842287668171e-09	12.4490026502294
542	TAGAP	45.7013550927524	-1.06353901979355	0.135716256343784	-7.13400525423438	1.21645555387795e-10	2.64579082968454e-09	13.7975788428152
49	BRCA2	45.2575763735874	-1.30450063931844	0.0530112904855376	-7.48005835369523	2.18666428181874e-11	5.54866061511506e-10	15.4788912387252
511	SLA2	44.983728349047	-0.890122155952577	0.259158329461073	-6.96526624241989	2.78270826496251e-10	4.72685031940614e-09	12.9876780954011
308	IRF4	44.8885389018658	-0.897553827003714	0.165935088951206	-5.94796366904436	3.47487769122166e-08	2.85973042426215e-07	8.2767981288425
371	MEG3	43.6358707684035	0.901016522425615	0.0209825743099681	4.5074923532168	1.68530051619202e-05	7.33105724543527e-05	2.30207233980468
108	CD80	42.5381152196438	-1.29297075724054	0.200792314711834	-7.66338457145547	8.72745106800854e-12	2.53096080972248e-10	16.3795220151443
230	GBP5	42.4742875903793	-1.08637272440591	0.27319566141757	-6.71186795468972	9.51823125430672e-10	1.23331975188783e-08	11.7851209177328
327	KLRD1	42.376426629808	-1.20275111660227	0.0443416128944771	-7.64931563823342	9.36679163312868e-12	2.59289822935244e-10	16.3101817498143
503	SIGLEC10	42.2222116232297	-1.06271430947347	0.165474428982052	-6.43338831462184	3.60568175298494e-09	3.85238629397864e-08	10.4844188777022
140	CSF2RB	42.2092236150107	-0.94148701406245	0.155158802091455	-5.94025639399755	3.59988572354919e-08	2.92310720752194e-07	8.24241801465231
19	AIM2	41.224435970127	-0.939217843849808	0.182278202912108	-5.8806436924595	4.72825883062554e-08	3.78882845769862e-07	7.97725655840259
605	ZFPM1	41.1123104252929	1.16778104738686	-0.0566413052299326	5.84335842564601	5.60381027444708e-08	4.37528263735676e-07	7.8120968657807
205	FCGR2C	40.4799214783164	-1.09344426685637	0.0718317207183407	-6.93270442141272	3.26200489984928e-10	5.09374611284157e-09	12.832202467044
534	SPN	40.3700335679211	-0.833417966488568	0.24115097361663	-6.80708764997623	6.00737315937177e-10	8.50811686990095e-09	12.2349896251897
234	GIMAP2	39.9792933866076	-0.696358900052065	0.18551526229174	-4.67986991288829	8.45534338863246e-06	4.08674930450569e-05	2.96305885640038
416	P2RX7	39.9700210165713	-1.43272937163774	0.0886402797528214	-7.74150268030329	5.89036594610019e-12	1.88801729535527e-10	16.7651814305633
304	IPMK	39.9004536279009	-1.3261907087496	0.0428820581770683	-6.53421544437303	2.23177003782725e-09	2.42704991613714e-08	10.9526815515303
544	TBX21	39.5517072450436	-0.834521961688311	0.224548547726888	-6.08118457321799	1.88027584614514e-08	1.73498180348847e-07	8.87451393622325
7	ADAM33	39.4833338845484	0.893394834767134	-0.0827747368446809	4.24880003789449	4.60627217656052e-05	0.000180981919711313	1.34206826527061
474	REL	39.4496206657816	-1.12659882117329	-0.00713163919819139	-5.78174081845445	7.41199837497083e-08	5.64238376294655e-07	7.54033488884968
356	LTA	39.3523372225386	-0.902251001380888	0.224669550243875	-6.67053003523158	1.16146387410629e-09	1.46923121774841e-08	11.5906057009529
312	ITGAL	38.8303652106503	-0.684653079243579	0.27133620708111	-6.05289295663373	2.14329973373214e-08	1.88752120040915e-07	8.74704041412816
159	CXCR6	38.5920694250933	-0.889439963458374	0.233932633913951	-6.98584570656113	2.51646932996009e-10	4.72685031940614e-09	13.0860789930236
112	CD96	38.3593784069677	-0.8619538227466	0.218469019257209	-6.76791740084257	7.26153639264432e-10	9.82727925137865e-09	12.049626320505
169	DTX1	38.0107582838146	0.836059710359685	-0.129807670546475	4.14027543396147	6.94619168286428e-05	0.000257940898467338	0.951265160965502
278	IGSF6	37.9045136621021	-0.999002697228341	0.262933626542848	-6.11741574632534	1.58940134335434e-08	1.53642129857586e-07	9.03817679526929
475	REST	37.4940188699024	-1.24917085064364	0.0254931656225923	-6.30133825765977	6.72772729382056e-09	6.71669823268314e-08	9.87598740447192
52	BTLA	37.435092063805	-0.922271814898019	0.212656712839269	-6.62152694698147	1.46969417593514e-09	1.70793220523971e-08	11.360655045466
128	CLEC5A	37.3997077213967	-1.14555823617766	0.134804232767857	-5.72180145938869	9.71616360676002e-08	7.16692342528561e-07	7.27741146510044
210	FER	37.3358529463129	-0.480570168858086	0.02174542854866	-2.4554929861962	0.0156810382370903	0.0324821506339727	-4.06680048285266
8	ADAMDEC1	36.8942748757399	-1.08406798629358	0.183270306807541	-6.97990991805724	2.59056023721362e-10	4.72685031940614e-09	13.0576860380895
272	ICOS	36.6854539265666	-0.890191534020814	0.300792638035546	-7.1091136454697	1.37494572478237e-10	2.88738602204297e-09	13.6776736705751
90	CD28	36.3141103517828	-0.86045473147269	0.148019324762812	-5.72062643608941	9.76772814940404e-08	7.16692342528561e-07	7.27227158758408
265	HPSE	36.2091114473293	-1.22477231533726	0.0633968722357053	-5.99729337794265	2.77003806022875e-08	2.31089476531412e-07	8.49736729802431
241	GPR65	36.1805507029036	-1.07236139728788	0.198989310226186	-6.87017064776186	4.42299781839277e-10	6.58708123322434e-09	12.5343825111438
96	CD38	35.7476093069599	-1.00959833330091	0.235494802870933	-7.07294823561534	1.64232095465675e-10	3.22636600447085e-09	13.5037239286072
147	CXADR	35.6447139728571	-0.951963128839337	0.0458490756147759	-4.83247656535973	4.53401530604448e-06	2.32034900956394e-05	3.56176320921201
378	MPZL3	35.6443221847507	-0.977976433681895	0.0456495488728092	-5.36434356758932	4.74227137734077e-07	3.04004554610582e-06	5.74040889047757
504	SIGLEC5	35.5112875637052	-0.98266382943339	0.163603224696667	-6.10883591121321	1.65399736077822e-08	1.57388186361553e-07	8.99937815561565
604	ZDHHC1	35.2917554260123	0.836922548927135	-0.062161975582138	4.11074698326445	7.75857813515796e-05	0.000284636993030795	0.846190272801078
242	GRAP2	34.7221887495724	-1.00041350198144	0.115007172659189	-6.86962932003312	4.43465239018387e-10	6.58708123322434e-09	12.5318088667862
101	CD5	34.6968284826957	-0.678415117929665	0.229525239838366	-5.43806308954125	3.43420117749204e-07	2.32380946343628e-06	6.05288670430328
51	BTK	34.1196777304463	-0.858315236553387	0.18994151660595	-6.3408476238649	5.58548686498842e-09	5.66926916796324e-08	10.0574408613272
165	DNASE1	34.1182355082931	0.896888561008711	-0.0736154430254446	4.05834134630225	9.42961755339532e-05	0.000335826730410395	0.661053710444037
514	SLAMF7	34.0767871400368	-1.07121143514445	0.213401625972381	-7.51616904744132	1.8256525225498e-11	4.83401037492535e-10	15.6557826373949
298	IL6R	33.6893061042009	-0.889314219122043	0.0884457848629316	-4.66848527817258	8.85358527399076e-06	4.24553813532313e-05	2.91889706704253
552	TLR10	33.5987748141154	-0.826002418564167	0.169624741060705	-5.14090874090673	1.24350428172088e-06	7.35236997638852e-06	4.80848397289455
455	PSD	33.4837995448121	1.01461655828346	-0.1170920932575	5.07958236142841	1.61392705040776e-06	9.01726214402135e-06	4.55682669554571
100	CD48	32.9625994755039	-0.63069217420862	0.20525843043116	-5.02827132039872	2.00473118103982e-06	1.09989305338131e-05	4.34767916032195
505	SIGLEC7	32.2985126914847	-0.947518202539597	0.165450135672016	-4.7453241366663	6.4813210078081e-06	3.23534794570093e-05	3.21832365243352
427	PIP	32.1814682189444	1.01730821194413	0.0706998512537374	4.80889758318798	4.99605101361648e-06	2.53549588941036e-05	3.46845004158574
249	GZMK	32.1800072533744	-0.658434702057097	0.236479777472565	-4.95862333799624	2.68556478782374e-06	1.43465697875847e-05	4.06588122819447
603	ZBP1	32.1797691641286	-0.550264846971876	0.267751973733809	-3.59642206149763	0.000490034094434145	0.00145575982200192	-0.893321380570121
335	LAMP3	32.1796276795678	-0.838748966370241	0.121622817307898	-4.40339390207457	2.53683617591673e-05	0.00010509749871655	1.9110468804238
129	CLEC7A	32.1794677596278	-1.10330669668813	0.156603401307196	-5.83390062705299	5.85011480591531e-08	4.50977204658534e-07	7.77028754384456
142	CST7	32.1731237228571	-0.614700090858708	0.157525966736817	-4.08257087152028	8.61814699122617e-05	0.000312407828431949	0.746436012703424
543	TBX1	32.1662120384054	0.505643938885239	-0.193680704994608	2.35583980037583	0.0203040110329085	0.0405414515378403	-4.29438137073016
231	GDF15	32.033678525663	0.790197192147859	0.0873583809281413	3.63202462606677	0.00043361113689993	0.00132034591186029	-0.778637607685837
156	CXCL9	31.9346869721201	-1.01800832137794	0.219844259213469	-6.58506185790348	1.75028542342839e-09	1.93804331430525e-08	11.1899930568107
157	CXCR3	31.8904299153063	-0.650384899784842	0.24281477039329	-5.38680270197731	4.29921952355407e-07	2.78534541472812e-06	5.83535088186444
354	LRRK2	31.808702010643	-1.02499000150315	0.164997829424258	-5.67441097572086	1.20233819805268e-07	8.51423212341956e-07	7.07055516268692
75	CCR4	31.8024351970361	-1.0030279985285	0.25196407892686	-6.73278497011556	8.60474343374653e-10	1.1391932067721e-08	11.883729169519
97	CD3D	31.6883023712407	-0.449078695163176	0.25906516970734	-3.58161449198738	0.000515488216614034	0.00150206853549257	-0.940759749466225
138	CRTAM	31.6817550900513	-0.850097444213193	0.204022536039717	-6.0862414427153	1.83673223479895e-08	1.72087681691163e-07	8.8973287950905
394	NFATC2	31.4855537530922	-0.931005640645505	0.0937138999585402	-5.42686918653673	3.60720965200613e-07	2.3878159544258e-06	6.00528341297179
126	CLEC4A	31.3255551927159	-0.910792294623779	0.204448603812564	-5.15469876025314	1.17242035741154e-06	7.14003997663628e-06	4.86532221325819
584	UBD	31.1847914911346	-1.14655527465431	0.253024532178132	-6.80041218032091	6.20482951125835e-10	8.58804811899167e-09	12.2033701622456
149	CXCL10	30.9648946115214	-0.926289776301728	0.269145888341128	-4.91623086519893	3.20508382631826e-06	1.69730091324158e-05	3.8955575502168
609	ZP3	30.9172655740918	0.814486662260385	0.0268935540162467	3.66803615723611	0.000382832916515744	0.00118347840689385	-0.66174298940942
44	BIRC3	30.6280991875589	-1.02522988860629	0.190697595365113	-6.41857030632896	3.86809710586275e-09	4.06150196115589e-08	10.4158664520646
301	IL7R	29.6387124853303	-1.03733713692625	0.181636260870293	-6.6668610966287	1.18214006025734e-09	1.46923121774841e-08	11.5733650085871
353	LNPEP	29.5961027665232	-1.05148186153968	0.0186669897084989	-5.18101232082777	1.04761356909123e-06	6.44441074319754e-06	4.97403077304694
347	LILRA6	29.5961027665232	-0.997874774365571	0.11464465643156	-5.08679977092299	1.56529306209691e-06	8.9090044375422e-06	4.58634904264462
550	TIGIT	29.5961027665232	-0.921650887273487	0.223419660060803	-6.66105295944497	1.21561778619748e-09	1.48062246358853e-08	11.5460798936733
370	MCOLN2	29.5961027665232	-0.889426491244749	-0.00114930826380115	-4.43547752137947	2.23778884831449e-05	9.53016369666801e-05	2.03089565580648
316	ITK	29.5961027665232	-0.888191724080778	0.230188626981491	-6.5968470761583	1.65425283764148e-09	1.86562958911789e-08	11.2451069097279
284	IL1B	29.5961027665232	-0.870713918984627	0.13958086292144	-3.84198207681901	0.000207386781227458	0.00067902446111571	-0.0846646883001938
531	SP140	29.5961027665232	-0.827780082742339	0.232024445821493	-6.63749899078928	1.36125692579355e-09	1.62550091727112e-08	11.4355288754799
121	CIITA	29.5961027665232	-0.800929420638641	0.247760763593083	-5.14355384090807	1.22955132825256e-06	7.34114469515498e-06	4.81937919751054
30	AQP9	29.5961027665232	-0.76861022552099	0.161522108359566	-3.91101344578075	0.000161767831766123	0.000541300052448182	0.14995770874985
400	NOD2	29.5961027665232	-0.753987986747339	0.0909097524960332	-3.79119012643089	0.000248518746245411	0.000800782626790768	-0.255278840330647
458	PTGER2	29.5961027665232	-0.737116894875341	0.100107796518143	-4.08094430331921	8.67045836365298e-05	0.00031244432801566	0.740692563244202
467	RAG1	29.5961027665232	-0.731166894639139	-0.0470721997149578	-3.28028957186272	0.00140054664908823	0.00380773620220863	-1.872137833141
42	BCL2L14	29.5961027665232	-0.718170767145384	0.111521029491613	-3.95147597479628	0.000139660598276711	0.000469907758842637	0.288932144506312
433	PLAC8	29.5961027665232	-0.69474528356922	0.197703817457862	-4.36309825237472	2.96733020266237e-05	0.000120473606228092	1.76137397294848
286	IL1RAP	29.5961027665232	-0.656377868955553	0.00362026738700577	-2.92150270451897	0.00425073414369282	0.0104805550344491	-2.89307397250395
464	PVRL3	29.5961027665232	-0.617714724085519	-0.051592046804573	-2.90866485151914	0.00441564377819109	0.0108432542778967	-2.92775959079461
559	TNFAIP8L2	29.5961027665232	-0.496713098620908	0.124459126433919	-2.83039159172082	0.00555491110954911	0.0132146127567008	-3.13641343065308
477	RHOH	29.5961027665232	-0.39202001281211	0.25877314704006	-2.70177550350635	0.00802275938320444	0.0183678964825996	-3.46859671940665
37	BATF	29.5961027665232	0.461441358246343	0.260845394736965	2.61345844132585	0.0102547736728852	0.0228760335779747	-3.6888981272076
232	GGT1	29.5961027665232	0.533551731041124	0.0980063906573459	2.38978032290179	0.0186092543192942	0.0372797232909544	-4.21782006371441
452	PRR7	29.5961027665232	0.77929473449282	-0.0611030647207502	3.48515561802636	0.000714468215821415	0.00204277532129221	-1.24600464554906
402	NOXA1	29.5961027665232	0.988227906931867	0.045838741775229	4.53748393538264	1.49637865416958e-05	6.89219666452505e-05	2.41588120565372
502	SH2D1A	29.0107747485967	-0.865480832198133	0.256792848280533	-7.20757052017621	8.46359670723171e-11	1.90901125729782e-09	14.1527929193574
151	CXCL13	28.7173039223869	-0.690446010946958	0.186242538430361	-4.21107899347166	5.31722768338799e-05	0.000203659852778823	1.20541438880015
73	CCNT1	28.5955710615717	-1.2144409628143	-0.000269824857430562	-6.25365890216514	8.4160120798017e-09	8.26669573645038e-08	9.65769682219501
395	NLRC4	28.0147050672648	-1.08742319991082	0.178635827745273	-6.05025809237576	2.16956459817144e-08	1.88752120040915e-07	8.73518312514501
39	BCL11B	27.8662726884073	-0.492965875544643	0.0177569692266266	-2.86944916099418	0.00495648113390618	0.0120258845041787	-3.03290605712567
411	OLR1	27.4940773020792	-1.06282247215562	0.26822409363548	-5.61215357181029	1.58861632830073e-07	1.11203142981051e-06	6.80020207579694
387	MUC16	27.4146906314278	-0.829842213114225	0.157925805377083	-4.25916304673684	4.42755085535338e-05	0.000175089511098066	1.37976211528224
110	CD8A	27.1929559936657	-0.801918045770566	0.151460314333854	-5.10538788376238	1.446522080641e-06	8.47049949144587e-06	4.662499374449
447	PRF1	27.1680466958538	-0.724579771798955	0.170536252346793	-4.64019699640517	9.92340851067461e-06	4.68477192480685e-05	2.80947184497673
567	TNFRSF8	26.7161004967778	-0.59825383758751	0.181031990214824	-3.49218764192907	0.000697808677214371	0.00200455417180921	-1.22397451581461
535	STAT4	26.5467083965712	-0.606645697140558	0.210292966587362	-4.32675619584318	3.41531163184852e-05	0.000136837156828668	1.62720697239796
392	NCF1	26.1553714849659	-0.715943728517285	0.171646226244181	-4.55537425123072	1.39361426250293e-05	6.52854681434066e-05	2.48401164087231
366	MAPT	26.0367793151035	0.890312430326955	-0.0663846846679379	3.88092988056549	0.000180328200395024	0.000593620940759834	0.0473245621364669
194	F12	25.8704791765951	0.559151246478582	0.0624246964136611	2.45998238924343	0.0154968651547477	0.0322102077789807	-4.05634945448247
524	SMPD3	25.3520666573348	0.514681754941455	0.129625542876669	2.46356768619658	0.0153511710439344	0.0320166546772467	-4.04799089614564
103	CD69	25.3217212473456	-0.498136089689519	0.285441299965521	-3.75489012007333	0.000282549947658092	0.000891569523957399	-0.376154362673883
291	IL2RA	24.903116737806	-0.941404093974732	0.203528153266546	-5.54986328999511	2.09613090903882e-07	1.45061786773255e-06	6.5313224161105
546	TEC	24.3120300317642	-0.527657363262454	0.110151282235502	-2.43276810583682	0.0166435852840476	0.0342430521553546	-4.11944088794361
508	SIRPB1	24.0132322221486	-1.03695387459678	0.0745354244712698	-5.71210653578633	1.01497330697615e-07	7.35855647557707e-07	7.23501981476095
270	HVCN1	23.8376826375934	-0.432395018387916	-0.0360128672938505	-2.5407665962212	0.0124968847359695	0.0270839957445034	-3.86538986541572
390	NAIP	23.3757904996971	-1.09512595628201	0.0906911364513744	-5.09399015895569	1.51826275255691e-06	8.80592396483006e-06	4.61578612561401
507	SIGLEC9	23.3757904996971	-1.00777009572484	0.223891623501423	-5.39862843105753	4.08247685290399e-07	2.67336387464358e-06	5.88543270853771
202	FCGR1A	23.3757904996971	-0.914703231172337	0.181230385653989	-4.72063194702034	7.16692105867197e-06	3.54849993880588e-05	3.1217550355856
213	FGL2	23.3757904996971	-0.909327716746034	0.253438993462335	-6.05617636980016	2.11100762908073e-08	1.88752120040915e-07	8.76181976759211
555	TLR7	23.3757904996971	-0.853208780519369	0.143920701849702	-4.6405238229225	9.91036170632589e-06	4.68477192480685e-05	2.81073357274378
28	APOBEC3G	23.3757904996971	-0.820800655290564	0.186889032944538	-5.53009477910649	2.28817409534045e-07	1.56572811692397e-06	6.44633358236099
20	ALPK2	23.3757904996971	-0.758941683473243	0.055673519606818	-3.54684585939318	0.000580253741536617	0.00168273585045619	-1.05154248941533
438	PMAIP1	23.3757904996971	-0.749127232832166	0.0779675328485815	-3.3360551987281	0.00116929993667171	0.00320767415059943	-1.70473328721141
333	LAG3	23.3757904996971	-0.712190215860687	0.163467562966611	-3.65015622510073	0.000407296170792085	0.00125274428289081	-0.71989375133191
258	HLA-DOB	23.3757904996971	-0.699163201012615	0.0424541687363612	-3.82895497971363	0.000217270178710344	0.0007075804215754	-0.128587681141647
558	TNF	23.3757904996971	-0.679368982062059	0.0852313103481303	-3.3811591442645	0.00100897113762473	0.00278037747879393	-1.56766446772483
306	IRAK2	23.3757904996971	-0.674955694822503	0.0976079779475976	-3.20145721861004	0.00180108671243206	0.00481079740294353	-2.10484962950699
280	IL15	23.3757904996971	-0.668288095719386	0.184230321787746	-3.52479686402408	0.00062522807918675	0.00180456824751057	-1.12135578254811
84	CD209	23.3757904996971	-0.603250162210035	0.0637510952247604	-2.84353356221616	0.00534654423405978	0.0128697448163731	-3.1017214282079
361	LY9	23.3757904996971	-0.601375959091904	0.230400846067837	-4.696593467375	7.90165728010307e-06	3.84968742686622e-05	3.02805864559203
6	ACRBP	23.3757904996971	-0.555205888006876	0.040088615490664	-2.65182522784492	0.00922401882573345	0.0208826299809356	-3.59398173708155
31	ARHGAP15	23.3757904996971	-0.524522360038157	0.18951302677408	-3.97777672441245	0.000126871551076226	0.000439004401167168	0.37983544705003
36	BANK1	23.3757904996971	-0.520875646867597	0.138477421974412	-2.98991620910184	0.00346354897276298	0.00886261060677586	-2.7060483194551
226	GAPT	23.3757904996971	-0.503900726156814	0.14999961801704	-3.17078511712523	0.00198399744037345	0.00520799328098031	-2.1941343771101
364	MAP3K12	23.3757904996971	0.597006211861652	-0.0370139617969238	2.73985968587228	0.00720431195820606	0.0166822280705228	-3.37162943011457
187	EPOR	23.3757904996971	0.702330286381614	-0.0589224067779815	3.38426780100346	0.000998718017474994	0.00278037747879393	-1.55816274400012
383	MSX1	23.3757904996971	0.847519732134559	-0.0798691132617706	4.23078087463428	4.93367335131179e-05	0.000191376246557254	1.27668134798982
91	CD300C	23.1406834092557	-0.825460582296094	0.207087735764473	-4.17198290674053	6.1648845936635e-05	0.000231753994909943	1.06469699554649
223	FZD5	22.6276655645412	-0.654041377073058	-0.0454355132976234	-3.18621854321924	0.00188990235206808	0.00500413274960635	-2.14929718423128
513	SLAMF6	22.5801449093553	-0.815654234713404	0.232774166004279	-6.61917348105555	1.4863777812431e-09	1.70793220523971e-08	11.3496287257782
273	ID1	20.9693067896507	0.698308866355637	-0.136929134901328	3.44445713743095	0.000818485118622758	0.00229703888129613	-1.372811776304
564	TNFRSF25	20.6212937970996	0.53630305648026	0.0800917949915995	2.5947850081552	0.0107931373127523	0.0239018931762406	-3.73465492074924
562	TNFRSF11B	20.5364147043267	-0.928841837252693	-0.0178875895606253	-4.23326566013454	4.88723142319039e-05	0.000190789995943779	1.28568627309907
124	CLEC10A	20.3110172583578	-0.403141353281849	0.235562477450446	-2.50406568043994	0.0137884152803521	0.0295674116399099	-3.95282376612772
299	IL6ST	20.2464929487096	-0.898287946053534	0.00373638028495629	-4.36370533917989	2.96035055380393e-05	0.000120473606228092	1.76362183765025
560	TNFRSF10A	20.1655477756981	-0.802952658057992	0.13970429881446	-4.11301174841262	7.69317573532596e-05	0.000283948122594758	0.854230014410054
570	TNFSF4	19.7343117283255	-0.941546712235969	0.0419722793329711	-4.51301255094473	1.64887900021076e-05	7.27407726742216e-05	2.32298147455781
373	MICB	19.7255875047531	-1.00665768371605	0.127348850534262	-5.43253469126936	3.51860597512881e-07	2.35475938335543e-06	6.029369688775
375	MMP12	19.7212624341978	-0.934316756568285	0.0823383541748198	-4.46446216666478	1.9971056516342e-05	8.56505170313542e-05	2.13968100416087
496	SELL	19.6519920992477	-0.579934337738563	0.172561640982571	-4.02415084117581	0.000107000857737123	0.000378857688150627	0.541202528284585
434	PLCL2	19.1811740020299	-0.829237681060082	0.0743976397413456	-5.08306340418879	1.59028920040209e-06	8.96746410226733e-06	4.5710625006975
79	CD180	19.1618704999883	-0.773822348244426	0.0338966963493066	-4.07249229660673	8.94721367154114e-05	0.000320520772115797	0.710875168913245
93	CD33	18.6003026430869	-0.782416480904711	0.169434090851427	-4.17494721408089	6.09631547889045e-05	0.0002305997594189	1.07533341627639
83	CD2	18.1929399142606	-0.665478466386053	0.269847991255261	-5.85522037490656	5.30925907206073e-08	4.19914126608439e-07	7.86458287714355
473	RASGRP1	17.1554782328709	-1.00693903189446	0.0455405471894807	-4.98148358163462	2.44042917533166e-06	1.32698336408659e-05	4.15810642605715
240	GPR55	17.1554782328709	-0.886152511121587	0.0991099032428505	-4.5112754458819	1.6602573730241e-05	7.27407726742216e-05	2.31639988457164
72	CCL4	17.1554782328709	-0.885998085742235	0.219054765116025	-4.89941648452191	3.43716040299136e-06	1.78908605591602e-05	3.82825504592382
315	ITGB7	17.1554782328709	-0.86637923593438	0.168990604382175	-5.74712077533553	8.66776054718626e-08	6.51687181881041e-07	7.38829973200714
217	FOXP3	17.1554782328709	-0.857554051427077	0.213034504823219	-5.08889112821811	1.55146956687254e-06	8.9090044375422e-06	4.59490835463831
23	APOBEC3A	17.1554782328709	-0.853350350331806	0.190055666004612	-4.0984927130701	8.12180733414382e-05	0.000296178483023568	0.80274424326277
150	CXCL11	17.1554782328709	-0.8503464204949	0.227927555085613	-4.52011127392368	1.60315927361312e-05	7.17885292375288e-05	2.34989512030184
127	CLEC4E	17.1554782328709	-0.843921787456972	0.176240302089705	-4.53205729095181	1.528972410886e-05	6.9488373002207e-05	2.39525099367245
92	CD300LF	17.1554782328709	-0.825411561401124	0.256249588179873	-4.7508072389298	6.33794607997582e-06	3.1899249278556e-05	3.23981187261826
500	SERINC5	17.1554782328709	-0.819624639071138	0.00159663789664706	-3.77322373685738	0.000264843575082927	0.000844448885997395	-0.3152160582851
162	DENND1B	17.1554782328709	-0.808788715108299	-0.0357559394042774	-3.7047790593658	0.00033686350525653	0.00105747358093416	-0.541554907991438
218	FPR1	17.1554782328709	-0.768580223067298	0.161255610206016	-3.96368733525874	0.000133576621252943	0.000454459007503028	0.331082686610323
190	ERN1	17.1554782328709	-0.761707244123501	0.0209593914353334	-3.99244725198424	0.000120232304177345	0.000418408418537162	0.430735013978243
300	IL7	17.1554782328709	-0.75625268140948	0.185513887121727	-3.81442686244697	0.000228820931786137	0.000741233763073179	-0.177438417253966
26	APOBEC3D	17.1554782328709	-0.755458354640221	0.167486807938882	-4.52788293049556	1.55451060221678e-05	7.01257005000012e-05	2.37939286203961
430	PLA2G2D	17.1554782328709	-0.753097834532054	0.232994401387233	-5.1954070949162	9.84926347047348e-07	6.12061372807995e-06	5.03363881279063
309	IRF8	17.1554782328709	-0.740706137979391	0.19872223893855	-5.19628057345781	9.81242623466346e-07	6.12061372807995e-06	5.03725900063957
328	KLRG1	17.1554782328709	-0.740637020362924	0.00605366725898331	-3.68044205962951	0.000366684627490477	0.00114518429816257	-0.621266092631561
203	FCGR1B	17.1554782328709	-0.72907820999998	0.182437706705477	-3.59322596168515	0.000495425486614747	0.00146463165703098	-0.903573551973409
449	PRKCQ	17.1554782328709	-0.724989334959529	0.137443663901287	-4.19191203499578	5.71776063848635e-05	0.000217632264302387	1.13631005579007
144	CTLA4	17.1554782328709	-0.710402292209234	0.260697972258412	-4.53600532189768	1.50519237501122e-05	6.89219666452505e-05	2.41025838261835
533	SPIB	17.1554782328709	-0.695978078271509	0.0817220856971061	-3.6164813173492	0.000457443107093107	0.00137119971551632	-0.828814451014394
379	MRC1	17.1554782328709	-0.6781145145952	0.176388980227698	-3.46426589334342	0.000766195181477882	0.00217029239776758	-1.3112403898988
155	CXCL5	17.1554782328709	-0.67563631188486	-0.0121445333086784	-2.93516427197017	0.00408147883232816	0.0101453902403586	-2.85602013373461
296	IL4I1	17.1554782328709	-0.665510756084552	0.16162754861754	-3.38119296242911	0.00100885906728116	0.00278037747879393	-1.56756113907631
260	HLA-DQB2	17.1554782328709	-0.655687915757607	0.100226594523487	-3.58183851026328	0.000515093987028757	0.00150206853549257	-0.940043214004529
192	ETV7	17.1554782328709	-0.653595009397178	0.179185781451563	-3.1715136664276	0.00197945927173169	0.00520799328098031	-2.19202184016598
102	CD6	17.1554782328709	-0.648003454596891	0.103248582110116	-4.51299992469307	1.64896143206221e-05	7.27407726742216e-05	2.32293362969092
339	LCK	17.1554782328709	-0.64614279786452	0.156690132262323	-4.85226249847679	4.17857182485212e-06	2.15656800113131e-05	3.64029002092537
111	CD8B	17.1554782328709	-0.633726096982743	0.0923385465938797	-3.66831626696525	0.00038246098525843	0.00118347840689385	-0.660830239054445
41	BCL2A1	17.1554782328709	-0.631928562040371	0.236128072280505	-2.8185072270257	0.00574970924540321	0.0135764837367286	-3.16766667791406
367	MARCO	17.1554782328709	-0.631402354720805	0.301568782757858	-3.18989155840325	0.00186812931147713	0.00496808188074049	-2.13859987335825
346	LILRA5	17.1554782328709	-0.630464445480419	0.189678066195805	-3.09082918024729	0.00254522511333019	0.00662411151289781	-2.42352932382638
440	POU2AF1	17.1554782328709	-0.620210435487318	0.133835704743521	-3.58716310423926	0.000505807169292053	0.00148809935313459	-0.923001855671931
421	PDCD1	17.1554782328709	-0.616555510559244	0.217149303486639	-3.9034941079708	0.000166228239791973	0.000553185781602794	0.124249109256143
87	CD247	17.1554782328709	-0.613056612795467	0.191615874293824	-4.71133247458476	7.44294410251127e-06	3.65544593421723e-05	3.08547081849768
608	ZNF683	17.1554782328709	-0.61163282080243	0.205561300097769	-3.64010714486849	0.000421687829646681	0.00129049190077803	-0.752479462909895
448	PRKCA	17.1554782328709	-0.605761661159501	-0.105558521185638	-2.94235531087587	0.00399490065031474	0.00997087908213803	-2.83645711091123
50	BST1	17.1554782328709	-0.600801929508565	0.0302836577111477	-2.86039878534996	0.00508963374632622	0.0122999482202884	-3.05699888876816
274	IFI44L	17.1554782328709	-0.600590527436815	0.193863806033236	-2.97531142885183	0.0036193357123519	0.00914595621917971	-2.74628188849424
590	VAV1	17.1554782328709	-0.596574732244953	0.23100504760213	-4.21468011920351	5.24504551558831e-05	0.000202166627784385	1.21842293366957
259	HLA-DQA2	17.1554782328709	-0.582293295341194	0.198372835073012	-3.03335645002857	0.0030360176907431	0.00786780754750019	-2.58539698831189
222	FUT7	17.1554782328709	-0.58200159900522	0.133700996775008	-3.24696879290372	0.00155844910511703	0.00418103746703203	-1.97106598971411
35	BACH2	17.1554782328709	-0.578536935598239	-0.0882715050858863	-2.74075156526236	0.00718608998837699	0.0166822280705228	-3.36934446331151
27	APOBEC3F	17.1554782328709	-0.577542591142343	0.0799624154970546	-2.76164516997957	0.00677103831245823	0.0157990893957359	-3.31563130605531
599	WT1	17.1554782328709	-0.576621920128411	-0.0117957332535262	-2.66375480043521	0.00892318525035144	0.0202769396174031	-3.56422200382312
116	CENPA	17.1554782328709	-0.573476975923426	0.0335579709237784	-2.30343660652146	0.0231891743889519	0.0460006749279209	-4.41065026319316
439	POLR3G	17.1554782328709	-0.552007854496866	-0.0545553440554636	-2.52627417081532	0.0129933130996546	0.0280600272258499	-3.90005043027308
276	IGF2BP2	17.1554782328709	-0.547731721441042	0.0624637700295169	-2.51982726347505	0.0132197777791024	0.0284482143726974	-3.91541259475084
594	VSIG4	17.1554782328709	-0.546667863963054	0.205517886446222	-2.66613722449011	0.00886418181945793	0.0202183023522467	-3.55826476926768
495	SELE	17.1554782328709	-0.523621531366366	0.09778544051904	-2.39372100521668	0.0184208506767183	0.0371466823249055	-4.20886713607066
145	CTSW	17.1554782328709	-0.51597735196892	0.122049222281371	-2.95241592156849	0.00387660927738047	0.00975559937985416	-2.8090193284871
98	CD3E	17.1554782328709	-0.508732812890697	0.250210778674913	-4.34531341265887	3.17898502841817e-05	0.000128212045185872	1.69561847935008
509	SIT1	17.1554782328709	-0.503109483409101	0.241421453540597	-4.00288139818922	0.000115713806108314	0.000404998321379101	0.467020550842251
12	ADORA2A	17.1554782328709	-0.495467302062653	0.0842213625243723	-2.43360048124434	0.0166074208628114	0.0342430521553546	-4.11752047263768
88	CD27	17.1554782328709	-0.4937093802643	0.230287466891202	-3.47543263075691	0.000738120923952817	0.00210054038638909	-1.27640699695909
134	CP	17.1554782328709	-0.492768329009063	0.0523031962613116	-2.39017801275224	0.0185901635452951	0.0372797232909544	-4.21691714359538
236	GIMAP7	17.1554782328709	-0.480872624901828	0.146143430604917	-3.12992656711133	0.00225457074797508	0.00589284800650996	-2.3119661889115
82	CD1E	17.1554782328709	-0.472417413129793	0.129756789044959	-2.56704793010469	0.0116399016668983	0.0255909751449135	-3.80208726974155
105	CD72	17.1554782328709	-0.458244470613705	0.0812505090684312	-2.28861801642443	0.0240679582263901	0.0475889174021805	-4.4430999269346
106	CD79A	17.1554782328709	-0.457736998762226	0.147015381990631	-2.63619181501561	0.00963214263362289	0.0215660840583689	-3.63280401263977
478	RIPK3	17.1554782328709	-0.450531697875566	0.159240593504505	-2.5449758658346	0.0123559259164993	0.0268741388683859	-3.85528994410317
206	FCN1	17.1554782328709	-0.425912886349993	0.18873352230446	-2.64135401025527	0.00949560830956996	0.0213388393377421	-3.62000703614276
602	ZAP70	17.1554782328709	-0.407303427278765	0.219323042903195	-2.92864978044056	0.00416139894798957	0.0103019998346571	-2.87370751504486
595	WAS	17.1554782328709	-0.405436567188373	0.167050320930253	-2.71044421488731	0.00782937387387302	0.0179927875063723	-3.44662882796015
158	CXCR5	17.1554782328709	-0.398126760833623	0.159983568548842	-2.59971193797036	0.0106486710677323	0.0236680316797407	-3.72261016291916
95	CD37	17.1554782328709	-0.389190256965718	0.15937015180313	-2.88301020714335	0.0047629369900167	0.0116025145076807	-2.99668360550264
442	POU2F2	17.1554782328709	-0.383748988523987	0.138943109148821	-2.27936402048089	0.024631481950714	0.0483889435741447	-4.46326804578193
380	MS4A1	17.1554782328709	-0.381197525806074	0.174435107044474	-2.28681740580957	0.0241767100639006	0.0476492441065225	-4.44702997133991
207	FCN3	17.1554782328709	0.465340596329054	0.0800399054967513	2.27733232607615	0.0247567430359693	0.0484786382922999	-4.46768599616208
201	FBLN7	17.1554782328709	0.490233911125392	-0.0990621085248419	2.49524359184332	0.0141161667378357	0.0301640194503225	-3.97367256711202
53	BTNL9	17.1554782328709	0.527073323052016	0.0627862980685045	2.43029391684285	0.0167514963411094	0.0343490278509617	-4.12514574568691
461	PTK6	17.1554782328709	0.545111360314632	0.0599648797864393	2.41493281746944	0.0174355124481335	0.035631634499709	-4.16044832542032
485	S100A7	17.1554782328709	0.545775334770295	0.151510452386416	2.39895788953001	0.0181730963877466	0.0368913856671256	-4.19694885544316
540	SYP	17.1554782328709	0.556824682446288	-0.0232253166221628	2.55944444643027	0.011882233073288	0.0260297839627064	-3.82046060375774
582	TSPAN7	17.1554782328709	0.560054987915502	-0.160098231162142	2.83438662940962	0.00549079651319845	0.0131133140256387	-3.1258819839089
171	DUSP4	17.1554782328709	0.56291711327432	0.00819649553571413	2.71330078010882	0.00776658205590351	0.017916092697141	-3.43937642125752
520	SLC44A4	17.1554782328709	0.567599866923419	-0.014542281430086	2.58231014858341	0.0111668539400028	0.0246399059763105	-3.76506194021142
443	PPARG	17.1554782328709	0.600522735535515	0.0300872028351131	2.83887775525832	0.00541952956708071	0.0129940689226463	-3.11402755049634
15	ADSSL1	17.1554782328709	0.610027295043957	-0.0763125355718717	2.94836735027696	0.00392381847987761	0.00983376730142165	-2.82007034030078
33	AZGP1	17.1554782328709	0.659960856456582	0.125067350698809	3.38245641626288	0.00100468045830619	0.00278037747879393	-1.56370016262162
227	GATA2	17.1554782328709	0.661226656901202	-0.0394328349327142	3.24885939209865	0.00154906239099215	0.00417424334563814	-1.96547497708324
469	RAPGEF3	17.1554782328709	0.795883414708896	0.0626926608680516	3.61529115453559	0.000459318131305959	0.00137119971551632	-0.832649614707439
38	BBC3	17.1554782328709	0.896202684937471	0.0266461914240044	4.41967069485537	2.3806025564268e-05	9.99853073699257e-05	1.97177423524973
135	CR1	16.9291043453295	-0.602269806545501	0.0446783053854774	-2.97988906585693	0.00356982493364017	0.00905843076911192	-2.73368922819867
437	PLXNC1	16.727977548171	-1.16631736223086	0.109035549150996	-6.35527452898556	5.21798098041623e-09	5.38601765605675e-08	10.1238254790047
220	FRK	16.3598326425292	-0.60901958421801	-0.0171367625473325	-2.81839286161056	0.00575161379979637	0.0135764837367286	-3.16796688412513
376	MMP7	16.2862619112896	-0.820052861422639	0.0539958692069099	-3.95919992614326	0.000135782321968599	0.00045939685599376	0.315582065329001
252	HFE	14.5757457902349	-0.666295211884742	0.0605652323094528	-3.45988256777994	0.000777487616461984	0.00219208314085809	-1.32488929055828
350	LILRB3	14.5747090969564	-0.731671476861123	0.213593691253685	-3.97189881595757	0.000129628758730612	0.000443505135207542	0.359480861903377
456	PSTPIP1	13.8608870076904	-0.406332797658663	0.168186596880883	-2.47299520616486	0.0149738870633256	0.0315539696247934	-4.02596033365007
24	APOBEC3B	10.9351659660448	-0.886046835030576	0.0971283245941433	-4.02073594308635	0.000108356148577556	0.000381438696437755	0.52927282303367
247	GZMB	10.9351659660448	-0.777656159138609	0.185136117422783	-4.54398090430154	1.45823927986719e-05	6.77914291174898e-05	2.44060229447594
283	IL18R1	10.9351659660448	-0.757290327383122	0.0474511124254642	-3.75748457320116	0.000279977655433791	0.000888054125829055	-0.367544550864827
208	FCRL5	10.9351659660448	-0.755130016221554	0.144456596369091	-4.48987699080686	1.80679687760932e-05	7.80382481180194e-05	2.23546581135186
482	RSAD2	10.9351659660448	-0.662015856453635	0.201977423244909	-3.29008156915777	0.00135706824170068	0.00370607425648304	-1.84290909359958
211	FGD2	10.9351659660448	-0.630663048741239	0.179047999011373	-3.89264662736728	0.000172870066389179	0.000572162339298966	0.0872268455088232
303	INHBA	10.9351659660448	-0.619363970655447	0.0679632286139877	-2.81038765014724	0.00588636871659807	0.0138409210363252	-3.18895429839145
161	DEFB1	10.9351659660448	0.514018519526956	0.0787341964157337	2.47532313067601	0.0148820094746292	0.0314692492015596	-4.02050881568761
239	GPR35	10.9351659660448	0.552009294464088	0.0552997980531708	2.32153673963779	0.0221542074312017	0.0440912167503328	-4.37075777846082
17	AGER	10.9351659660448	0.631379916293277	-0.0573478620077977	3.00029048693493	0.00335667336773036	0.00866192407181266	-2.67736800561649
553	TLR3	10.9351659660448	-0.870057911696513	0.128611415487724	-4.37292671196491	2.85625858689924e-05	0.000117531181042003	1.79779257704097
329	KLRK1	10.9351659660448	-0.682658575517823	0.20203075283862	-4.96077550538671	2.66150107872674e-06	1.43438420968547e-05	4.0745524884522
545	TDO2	10.9351659660448	-0.51858855133761	0.0909491443855035	-2.55151890234995	0.012139648607377	0.0264983727666401	-3.83956091049061
78	CCR7	10.9351659660448	-0.460931022989866	0.202967158155137	-3.26159310322019	0.00148720262420837	0.00402536176952398	-1.92774859630272
506	SIGLEC8	10.9351659660448	-0.454199284535449	0.168594462311818	-2.39429494087777	0.0183935525729272	0.0371466823249055	-4.20756209388969
237	GNLY	10.9351659660448	-0.437447811005099	0.21026001500221	-2.64574690264746	0.00938080225174359	0.0211589206344883	-3.6090998675854
537	SUSD2	10.9351659660448	0.513039778890538	0.115983658746118	2.46524894995872	0.0152832723570009	0.0319845802935174	-4.04406755465866
592	VIPR1	10.9351659660448	1.07670885998822	-0.063158589995	4.90565846839669	3.34916065993298e-06	1.75830934646481e-05	3.85322276121978
238	GPR146	10.6215062579783	0.81348063836022	-0.122369832117985	3.78891148795305	0.000250534897134645	0.000803030275552624	-0.262892552433991
246	GZMA	9.2466773298702	-0.659960418352859	0.197234064946156	-4.40358985130856	2.53489783696464e-05	0.00010509749871655	1.91177703199167
114	CEACAM1	8.39367561331803	-0.530311860279607	0.00691545875029623	-2.48174226520384	0.0146312656469325	0.0311553873390975	-4.00545286873508
77	CCR6	8.16425063613565	-0.779924978929998	0.103821485901981	-5.14481092378686	1.22297384034993e-06	7.34114469515498e-06	4.82455832658412
18	AGR2	8.15558498077592	0.611064944042201	0.0717097983680359	2.79647844454176	0.00612738854210128	0.0143522293159218	-3.2252979979161
445	PPARGC1B	4.71485369921866	-0.678632008431833	0.0479871792650667	-2.98287480558777	0.00353786922998484	0.00901490527640489	-2.72546691449829
3	ACAP1	4.71485369921866	-0.394847857552789	0.210155509158949	-2.99501307054874	0.00341065475251736	0.00876408752862057	-2.69196821488365
34	B3GAT1	4.71485369921866	0.525194038594853	0.0713633915891564	2.40528331865783	0.0178777921081513	0.0364132956316526	-4.18252208161882
349	LILRB2	4.71485369921866	-0.853789518511717	0.206941887242075	-5.04456930754395	1.87154823721122e-06	1.03615716041967e-05	4.41397035180206
418	P2RY14	4.71485369921866	-0.763600899168546	0.0375000125131465	-4.32333025021339	3.46075304342212e-05	0.000137751542708763	1.61459953322378
463	PTX3	4.71485369921866	-0.555690063984183	-0.138370166672918	-2.47758936465224	0.0147930508521241	0.0313901322959706	-4.01519737600597
181	EGR3	4.71485369921866	0.52878120803471	0.0386667118500181	2.47067527080896	0.0150659531141932	0.0316385015398058	-4.03138859652451
321	KCNQ1	4.71485369921866	0.633946470124971	0.0176307395937917	2.90120414577638	0.00451416203771305	0.0110406613693464	-2.94785730480915
576	TRIL	2.66751236286867	0.843158199592182	0.0267417976766689	4.14844016967968	6.73637742385798e-05	0.000251684285345369	0.980414548342194
197	F2RL3	2.13554580516798	0.873259295500161	0.0118805302978764	3.97525654334065	0.000128046782867021	0.000440567744440768	0.371105594437227
215	FNDC4	1.56871583519732	0.748738821290541	-0.197940403490337	3.62189479691298	0.000449005541977405	0.00135368502507049	-0.811357710947171
9	ADAMTS13	0	0.785752009235189	0.0346382656817615	3.62563199088296	0.000443266836483739	0.0013430323553164	-0.799294582124138
